0.214019715901
0.105217228694
0.122718443675
0.269318085151
0.170373079347
-1
0.0297103333489
0.304708242258
0.163400522174
0.161099797808
0.428624595691
0.29241398801
0.117486289313
0.580668817916
0.207786379735
0.0160512989998
0.00475563284439
0.330036456398
0.0134162568524
0.203083336744
0.134416594339
0.0
0.224890457991
0.660498682097
0.314299801856
0.334953488721
0.5042009207
0.37397909371
0.324412483724
0.310262517479
0.416095193682
0.107531491924
0.00758680037958
0.800501841084
0.0464895379957
0.167732067411
0.540115119226
0.489999322628
0.0684762072019
0.57402387099
0.549070586873
0.0
-1
0.150692544565
0.0462363614442
0.135333569359
0.93942218519
0.0655671197326
0.311706053963
0.0137588744154
0.333428197126
0.00979692871349
0.395561118215
0.788342484974
0.335797710215
0.728467507386
0.0
0.179802433472
-1
0.442408250209
1.39227026514e-79
0.330604754153
0.0387759354115
0.00574937649856
0.405049324892
0.283669936498
0.0401832137163
0.217812545081
0.303068999694
0.209793789911
0.0939566956384
0.0913614062669
0.00836333744073
0.162461543892
0.356790673888
0.243318149335
0.386887115901
0.114262771366
0.541976152904
0.0935914375513
0.127429088462
0.0704614830257
0.493336048781
0.0
0.0517737129996
0.00486464436469
0.0563148666842
0.119225888118
0.177454749371
0.0269032642682
0.256755348855
0.00157150628446
0.189429134887
0.0119832243612
0.578034373143
0.096687472752
-1
0.591475776225
0.752786123979
0.373139284455
0.0
0.127287100955
0.364348525762
0.305251036556
0.108835660331
0.283300955269
0.0249348161961
0.275064269683
0.265691601721
0.226776498627
0.0261900101463
0.112452284809
0.090534807407
0.0980498344172
0.278799076289
0.523602688686
0.0333590815671
0.0974265808468
0.0576242852204
0.00132846333459
0.485071738789
0.0127774693421
0.197588964583
0.528548947849
0.172482806089
0.386920567747
0.251928525289
-1
0.296120894994
0.00921128600248
0.0539431994548
0.106694596856
0.66454439145
0.208580166215
0.00857306246699
0.146108937721
0.492398146009
0.0394242025343
0.182913012413
0.0
0.605683882395
0.147722408835
0.161765167709
0.0454875830346
0.22140162765
0.0144571599173
0.253951890923
0.10654674118
0.193597743077
0.0950019382446
0.231013195535
0.0949661332306
0.153708502434
0.0
0.0697287558472
0.0131618446661
0.336288876491
-1
0.00521484869825
0.37434428668
0.306999985287
0.0293797399267
0.646500829427
0.181370052442
0.314069307566
0.199150542161
0.621115978715
0.121121635037
0.249128188328
0.288766941905
0.371314273815
0.171244283223
0.203344592961
0.0977088018724
0.605446318029
0.023956780741
0.0145398932659
0.0955850722048
0.292770951341
0.113872263552
0.393818741868
0.0
0.165421856134
-1
-1
0.41037090854
0.324048006613
0.198107571013
0.213363016026
0.0334529610253
0.487642349515
0.274150693802
0.0817993578445
0.0377040362378
0.0956058698861
0.686955150831
0.191985160289
0.045953126399
0.420991334289
0.0254088080936
0.0337127959344
0.0191891380819
0.0701991819999
0.0459926292215
0.108401689346
0.0165618901055
0.110238959313
-1
0.102710183721
0.543676180444
0.0757563283147
0.443306455667
0.217280656318
0.744547474484
0.095363136972
0.0276757753186
0.0483787962691
0.580113614753
0.157177359508
0.101553754673
-1
0.114361510708
0.401302435767
0.054376761444
0.162365778689
-1
0.42823010074
0.276782487199
0.0235563140553
0.168270265271
0.290184347719
-1
0.0177130976847
0.00238634243067
0.00039963835696
0.0185195996952
0.0915145488903
0.0611763865857
0.00505786478304
0.430494453444
0.0906441943888
0.0523454249648
0.11438286738
0.235846961101
0.00328204181876
0.00100280316608
0.0
0.0698285207363
0.0235542974791
0.287241495455
0.0
0.684525207053
0.450166107306
0.284669328614
0.32984515291
0.362689843164
0.25179554195
0.222599427214
0.0211665867768
0.0
-1
0.467395604099
0.320322206614
0.095883991759
0.00143705559952
0.199588749982
0.0417701547703
0.0270408554817
0.291673158697
0.358246845311
0.461604737317
0.18374880503
0.151554903339
0.180520819198
0.201365737469
0.0725777594908
0.327455037887
0.00331136389589
0.328564133469
0.10664369418
0.220871090029
0.21845651918
0.42225606317
0.189850752635
0.11328954147
0.190377895354
0.131126007186
0.143649825406
0.00134190416814
0.397394014657
0.12681410739
0.263477683102
0.195296659375
0.0977359961926
0.846298380773
0.207981167547
0.330143281084
0.211817640521
0.470309771034
0.248327211727
0.153396303564
0.737061581104
0.406948956368
0.0653682659915
0.334636914458
0.0189788993403
0.599523063513
0.673595463249
0.0110272060227
0.0396637560603
0.111777945279
0.254700968754
0.377134219143
-1
0.531009628
0.283039278755
0.459016124742
0.371679960936
0.00238063194019
0.0035574024662
0.0297939793522
0.240548757913
0.671887326926
0.264328058096
0.634278391286
0.403416634904
0.408284043237
0.841142472375
0.289247216926
0.0767398954234
0.208551649405
0.233891516488
0.106794753416
0.187210488411
0.0473386309499
0.0
0.900066797239
0.151017377893
0.143518594072
0.211694193197
0.064848111872
0.264464007076
0.1167366045
0.117070020491
0.544200477125
0.334812151275
0.0152372653499
0.245347180613
0.434837925704
-1
0.204124696329
0.0695459651479
0.63225743398
-1
-1
0.280552318502
0.223816502081
0.960072631018
0.483500170685
0.0203429721587
0.218829815598
0.0417688649453
0.0622729208805
0.0300250478818
0.545653325609
0.252872163932
0.0763445149513
0.373194535194
0.430522785659
0.247694087685
0.248955372667
0.100952851996
0.362818903115
0.704525208479
0.128844500656
0.365366474211
0.164137914818
0.982759076674
0.263507602054
0.268742743889
0.207018062956
0.544336073778
0.264755475253
0.0515553442915
0.0180969904367
0.105405000372
0.233317579104
0.0391497536692
0.166509515872
0.335789727914
0.0536074119416
0.0
0.293925949961
0.317784447976
0.0912953050785
0.207770737426
0.12977999735
0.399824707518
0.0882516235887
0.098589969999
0.0462118381237
0.170083887576
0.115397253437
0.167655032775
0.153683654047
0.0212369551007
0.114802643389
0.288240647865
-1
0.24317041296
-1
0.861365542915
0.423478272057
0.282097732095
0.418901542787
0.245472435327
0.61163238455
0.165610926393
0.660013140824
0.607205412411
-1
0.0570317764137
0.0263724200451
-1
0.058167264988
0.152295440618
0.48520850111
0.0920554952593
0.368421593782
0.475485582393
0.236468918089
-1
0.762790266771
0.443423142697
-1
0.651486530843
0.989812503877
0.0212505604489
-1
0.137522989908
0.372493040592
0.695163961585
0.0118173071711
0.280280613026
0.145503316389
0.0341988742
0.402791792493
0.202592720134
0.506144949661
0.36301158627
-1
0.195368363999
0.0786177593856
0.207740572981
0.0801107999268
0.100927328063
-1
0.476095870503
0.257153026654
0.231208186472
0.33431926545
0.999998679747
0.545452005668
0.180836886592
0.0634896237718
0.998460777283
-1
0.168989571912
0.049834288013
0.176138065573
0.539031949528
0.769788230206
0.751283024155
0.693621848382
0.0870514056625
0.195436696733
0.260724529231
0.0
0.190540313794
0.150159252362
0.436788573032
0.216215414655
0.289532957224
0.221927074908
0.0357748016505
0.233489087354
0.225462724269
0.24490478386
0.322783847847
0.479300201719
0.516046010926
0.780539840352
0.105660505754
0.158246478995
0.256095877966
0.411776754739
0.0922430241222
0.878693197101
0.121978618117
0.0
0.211335521768
0.256496627726
0.238990146387
0.187490834643
0.477420792225
0.382000265548
0.035067240248
0.54326274907
6.28036983474e-16
0.0
-1
0.207530722757
0.00912625465377
0.511175364582
0.558528300641
0.203293807148
0.752779097171
0.0398490010879
0.144151479474
1.38888856007e-15
0.519329622359
0.482577940044
0.108293976993
0.200236733649
0.0437232141132
0.072261575314
0.0
0.182094989015
0.262757738837
0.177910342719
-1
0.173585338891
0.251306172413
0.36256103927
0.0
0.117842499434
0.148124406388
0.0723392805345
0.34871823514
0.23304591896
0.467271998019
0.0678715279256
0.448724662655
0.355223291393
0.0791227024133
0.181273601644
0.114906432695
0.127247412819
-1
0.208956524338
0.114224346984
-1
0.0996095682622
0.114461223932
0.211314568643
0.452603627076
0.681772237508
0.12666381932
0.0677362464089
0.0237152594304
0.541101761931
0.066945260421
0.333187711233
-1
0.148463889375
0.0992819793377
-1
-1
0.0317939413286
0.186152490998
0.264268473822
0.888253031096
0.290036337489
0.171080866922
0.0420282836675
0.131911499857
0.201395370289
0.902200178078
0.238441134047
0.392468423221
0.693384051082
0.0964235577768
-1
0.0269584552806
0.524827493551
0.0244391601183
0.0301950700655
0.62797142872
0.173104815867
0.146806222174
0.0240904930759
-1
0.0205994066034
0.256422110658
0.251062966543
0.534628285771
0.165707686792
0.294408233444
0.0
0.208150523773
0.120005383727
0.0701922213637
0.440030435147
0.195992471958
0.0
0.413792471508
0.284497269012
0.203084675821
0.0224036951362
0.298953558449
0.146133649978
0.0469804073658
0.0
0.0735884060108
0.0118168695646
0.240297433773
0.0380056372222
0.468345576495
0.120081888348
0.0851868661826
0.280501963719
-1
0.0848681837117
0.31975999252
0.554124494307
0.230297861236
0.152205009977
0.42224188917
0.111248254248
-1
0.0451613649694
-1
0.353335597106
0.0118525743298
0.00408439983597
0.314675809108
0.480278568532
0.0881123892524
0.746705116952
0.0519089059464
0.0141338641641
0.836449631337
-1
0.275210762264
0.569392920254
2.00053835327e-05
0.292273264927
0.268675792082
0.0916790600918
0.109597753332
0.0966171445886
0.0738380899153
0.0594182364456
0.171078329316
0.373377326074
0.153798128102
0.173007518042
0.0764115137733
0.0905170130971
-1
0.00158707518843
0.00194332523696
0.0026554472361
0.0278588229725
0.00639513314226
0.0214913874708
0.021949691979
0.22363554655
0.220263708339
0.746255697155
0.024941442108
0.333227378744
0.427794317723
0.104347194301
0.12394577652
0.0
0.197849852929
0.00619975009908
0.430694905181
0.251289166812
-1
0.136849041811
0.273540270873
0.00793008182846
0.0781541284708
0.199525123496
0.0263190415581
0.0949729795021
0.558750205039
0.325441544974
0.562756069378
0.0223254543282
0.548049269445
7.23776861245e-16
-1
0.261542364231
0.105832830376
-1
0.0117445771657
0.518408295749
-1
-1
0.129342488938
-1
0.258330711316
0.0577887922633
0.37266098206
0.0469756004808
0.255604988857
-1
0.240335614137
0.0387104460288
0.100650995908
0.151544736054
0.136809609178
0.382581656785
0.312585903763
0.76148584731
0.331086379112
0.0961209004121
0.362705802294
0.0744118079605
0.0317966536445
0.097105474424
0.140042655916
0.15413203445
0.000880281789824
0.0852399499364
0.185406460457
0.192647555713
0.461050843222
-1
-1
0.00490807326191
0.208733457714
0.0
0.000108192367205
0.459848087116
-1
0.100299978762
-1
0.0926112354702
0.204957133893
0.297258519993
0.0648027108255
0.276710612137
0.371148071614
0.179507991559
0.421345451347
0.176266117706
0.521461684679
0.228554093119
0.358431805999
0.232346364192
0.120039552441
0.0396116733791
0.0844113098521
0.127694145436
0.0580290663143
0.719814965734
0.0327774239793
0.248626773902
0.0702398870088
0.0593680544027
0.437206665875
0.474820136822
0.122471650021
0.0869456409594
0.000901090422804
0.168812151266
0.172202367961
0.359458693964
0.430783073864
0.553299129002
0.602404816284
0.504658759956
0.201737498291
0.0469356853
-1
0.560401585711
0.403096937635
0.411882206826
0.143774478569
0.206969520371
-1
-1
0.0739014868716
0.360226759842
0.0728914634566
0.318740242313
0.0716032052238
0.207809104919
0.195978830249
0.152049804242
0.0876741192664
0.210806899967
0.216815760627
0.172299339486
0.0156205745866
0.0780940464775
0.058647288025
0.504688792697
0.0518636831818
0.0156809812126
0.320931697367
0.0798308230536
0.440703972526
0.0224287098099
0.368011664179
0.864559159514
0.113360026132
0.0875564459444
0.235535138669
0.127161161174
0.0
0.589051478448
0.134217467474
0.505484588299
-1
0.120496654348
0.0954542094556
0.131977411728
0.0
0.333749538246
0.0019428200641
0.56556864477
0.124381280624
0.133249824189
0.660227269922
0.302059782949
0.465537989202
0.0935957577675
0.178106616488
0.353489179116
0.00662633671321
0.0497671156771
-1
-1
0.305323416112
0.0289613266682
-1
0.0415066062459
0.0218527414062
0.0361154577983
0.0556925344147
0.0128673085586
0.18468746173
0.052972699949
0.293876093934
0.101355437624
0.0618459242333
0.0133381204177
1.0
0.0548820782331
0.577136398092
0.303053969623
0.0
0.0808725212929
0.305393282257
0.0244725743001
0.0621180167039
0.140114450529
0.517243712739
0.0
0.0590281694463
0.0489006306603
0.294586776108
0.10134233627
0.327375395435
0.46118971539
0.051461445244
0.239056540075
0.553005702409
0.0473040241308
0.140275989502
8.99233598558e-05
0.155215890241
0.0235036777141
0.124389779967
0.0209363273741
0.0970449317385
0.163370099711
0.040425770135
0.111679175888
0.301473219391
0.390097367053
0.667258189652
0.40461033566
0.249800312154
0.195872351042
0.823785635141
0.154534894986
0.493728210786
0.0273223847553
0.0018622878172
0.00825771719097
0.149250179093
0.903990518803
0.130607453082
0.677996550812
0.139121433597
0.0285827147895
0.646542097875
0.847022156592
-1
0.473110113646
-1
0.0551478420276
0.194084493034
0.546013680295
0.316061165191
0.31438040724
0.381587243455
0.816532271574
0.272146496073
0.21009203989
0.493530428908
0.703353402821
0.00185580926372
-1
0.231118186133
0.647809018198
0.176290465728
0.126223957519
0.551269472159
0.152044723446
-1
0.0
0.291845898268
-1
0.203864443041
0.854409403256
0.324689922722
0.26997752216
0.848001104133
0.0
0.24696586178
0.301361389161
0.114567839789
0.00950285204798
0.278797567249
0.150618849785
0.124619292044
0.0966728934607
0.00107247253353
7.23776861245e-16
0.921499890858
0.550832219143
0.0331859949202
0.442206733726
0.716080306221
0.173906578009
0.628716921899
0.408617669829
0.00186497708336
0.00124316378324
0.044830325102
0.255050607632
0.49034332697
0.118769985271
0.196728172424
0.223125983692
0.403677960492
0.177101944958
0.175261282287
0.1421454739
0.036273184881
0.0996440954025
0.172620900438
0.21445416686
0.393504441235
0.00898853259483
0.191742898834
0.0192005005671
-1
0.27485874462
0.158074171047
0.157404320359
0.247301843559
0.12177568359
0.0332606179116
0.102590753209
0.421336032229
0.0589069567895
0.222043225384
0.28666709794
-1
0.297839681485
0.0713549481301
0.0387928584774
0.0310258103484
0.0173239447513
0.361067300599
-1
-1
0.0749943951239
0.0589485209276
0.536100249568
0.00496703191091
0.148423312275
0.492338555939
0.401841929684
0.196582327833
0.406494028709
6.28036983474e-16
0.00567430698711
0.51633339337
-1
0.306373306386
0.264297519988
0.0267414139314
0.0333360544322
0.313387128413
0.0370624254941
0.0361398583606
0.0435284991836
0.0190961477207
0.0190911632042
0.061701330224
0.151714510532
0.195064251038
0.00706263288444
0.000301686589098
0.134995019079
0.138830267191
0.153217421332
-1
0.0694773450537
0.256252009685
0.198491424224
0.246459717238
0.185014679021
0.182049634527
0.533222309802
0.461892048553
0.263846461916
0.30075076066
0.469689719756
0.000336820622516
0.197165387192
0.559832539895
0.00326652086223
0.257828839986
0.0467289683088
0.300430801656
0.0538236869567
0.0328041458592
0.000781560395217
0.0118124905381
0.0625166485913
-1
0.229286041449
0.0347521232844
-1
-1
0.0219830807612
-1
0.268516006498
0.757570993967
0.413124030736
0.10015104133
0.167086991747
0.00129699394143
0.326625352527
0.370964824426
0.31094046055
-1
0.285162122263
0.0344812278083
0.168295570313
0.236188909077
0.582822438938
0.119410655772
0.290735905647
0.0932901032297
0.0825631925739
0.225168551445
0.539674123639
0.311185917017
0.153500224618
0.468378766024
0.308155484257
0.0667495372869
0.297289958508
0.0727123922054
0.579722821725
1.44328993201e-15
-1
-1
0.0207549778132
0.467845117425
0.0343309123858
0.305678873675
0.0689733415645
0.0139394989325
0.0470438025889
-1
0.117320273429
0.0717932636421
0.111749503141
0.247734371558
0.403810524454
0.296395452845
0.00898665240663
0.0662218460081
0.630116067262
0.156791370319
0.59387307098
0.145909784089
0.354071121117
0.0
2.08296302865e-15
0.337954537929
-1
0.608803090525
0.377798690348
0.112510367781
0.520289678376
0.265654230684
0.620346249605
0.11027803154
0.422378474013
0.0538513537005
0.56818804877
0.440933917902
0.493575777722
0.0355167854408
0.0113308002019
0.00343604151697
0.26299232048
-1
0.530876902648
0.530370206312
-1
0.446503142898
-1
0.294009354986
0.73783777766
0.153413265565
0.378755330596
0.0741937396272
0.200883081374
0.59769020839
0.0307033566906
0.270953481214
0.436370999146
0.159706438031
0.367442939402
0.0868943792331
-1
0.0219718168633
0.167683151128
0.24032036394
0.22324812814
0.210627087468
0.018811912557
0.0467339394762
0.566762070538
0.356981932628
0.18828870962
0.437755836623
7.06541606408e-16
0.143550887615
0.183707682709
0.195418927773
0.170689167796
-1
0.211497547948
0.0809852298058
0.148266159402
-1
0.401280182277
7.23776861245e-16
0.198817456489
0.118192182303
0.471892216232
0.0501790065482
0.238027671659
0.7095842175
0.43222345787
0.208737222916
0.440360392975
0.0936006123638
0.32492155251
0.0926634137683
0.0801807254966
0.382097872694
0.335369121149
0.306255818988
0.150914010548
0.172115413941
0.672218759646
0.134864032824
0.0508960017255
0.225484306399
0.608945513496
0.259555569019
0.134017318142
0.0919454294647
0.0262291240439
0.393069581926
0.230339357132
0.177349988625
0.375239830197
0.28090332809
0.0267989009208
0.0243599570675
0.00250443562252
0.434712583374
0.0715162248373
0.0561436794225
0.514973226581
-1
0.0379338008001
0.12527046327
-1
4.71027737605e-16
0.120452505345
0.160158290646
0.435824791102
0.132081062872
0.0855731792927
0.0766474083278
0.30449958576
0.550975420551
0.0160531525948
0.107741714323
0.144610687405
0.0
0.388186837464
0.218609080014
-1
0.000145609816335
0.0608903802007
0.00734178480018
0.268430611247
0.140375916679
0.131418360592
0.0116969595418
0.328558742797
0.112335947547
0.372765942407
0.67020283649
0.019209275952
0.255152889069
0.281896407515
0.20860629972
0.43999787498
0.584185671595
0.133422967634
0.168710917979
0.0334867114968
0.236518572569
0.118399078387
0.335022402998
0.305148844808
0.312524296755
0.264327760913
0.164545302557
0.0110845661893
0.659076124785
0.272515099605
0.03413195236
-1
-1
0.0413381671542
0.147162163851
0.694643462201
0.0594451246743
0.027387060318
0.0676516290699
0.315316216179
0.240077033879
0.0241756383435
0.0639432020823
0.051307834071
0.992393833773
0.161026562358
0.156675989937
0.00350357813965
0.200357307037
0.0387944651694
0.269068191129
0.11743515338
0.0796042422755
0.115672038868
0.198835343621
0.0712542416503
0.0698760794483
0.477030325838
0.658014289388
0.347014736343
0.0457976860952
-1
0.255806994042
0.205926108454
0.383025623179
0.107095217934
0.016711247965
0.0484022400132
0.999999988213
0.194221020877
0.0243502233836
0.0391548694641
-1
0.15843180555
0.0830835344958
0.138044191737
0.375952715874
0.00453562536499
0.129606588938
0.52852232068
-1
0.0308875292077
0.0175772914449
0.152025879333
0.0962463851027
0.903444311764
0.0643694027448
-1
0.45047501544
0.727952319162
0.44602296409
0.474877412164
0.449859529158
0.153603397542
-1
-1
0.0775198206442
0.834313988622
0.226735701631
0.532141320517
0.404030987268
-1
7.23776861245e-16
0.00142578109459
4.71027737605e-16
0.0385692441337
0.56923192663
0.399915809264
0.0330618505222
0.0945909612686
0.224638419964
0.980399421888
0.142624985414
0.652057301685
0.140037111998
0.420656837429
0.490410107694
-1
0.423828123345
-1
-1
0.0361150623532
0.00109896645815
0.323791097754
0.060040956083
0.575885562836
-1
0.596178453635
0.128189748595
0.0660306246364
0.56474075863
0.0417802783931
0.213130450181
0.0585115416609
0.0256568186618
0.388929795953
0.491244870609
0.234047321658
0.0041443647502
0.500337518011
0.28046715685
0.473776788376
-1
0.255785762137
0.109640422255
0.0750380911849
-1
0.470012036512
3.5527136788e-15
0.290290583357
0.204248633161
0.00498556185819
0.0516029819941
0.213362755443
0.277646172775
0.362001084087
0.297419666899
0.0700979509844
0.0
0.143189677768
0.466835773964
0.133280109446
0.435635808634
0.134825211537
0.0538281614264
0.0664227580141
0.212040369493
0.456180070235
0.129097314603
0.124246450404
0.0883407885079
0.37971275066
0.078580390807
0.072433378434
0.0600750164681
0.344753460134
0.562275691109
0.606110355293
0.0457116790299
0.0894553475038
0.231827937469
0.150742477629
-1
0.170615138116
0.572361262622
0.0523758540743
0.0137004313721
0.366241634531
-1
0.101648276735
0.0136118778616
0.154201266349
0.24461798633
0.368139050732
0.555943961724
0.305025430072
0.157023160894
0.399486926864
0.0
-1
0.091463824736
0.156367454837
0.0011408316176
0.390687320843
0.341238852717
0.139228998929
0.171857167416
0.141609919811
0.515109822394
0.370515926278
0.330466263725
0.0276118605522
0.0352295892054
0.424532228107
0.111269030149
0.0397672355756
0.475807078785
-1
0.162590681175
-1
0.0384233363101
0.118042519683
0.102811351785
0.00393790778426
0.287763249162
0.388306971568
1.44328993201e-15
0.349534776089
0.288363888833
0.218261044914
0.0303326243497
0.117761850862
0.0203505842814
0.202274564839
0.184786811501
0.353301575945
0.118095680999
0.0600889348841
0.234682512469
0.525734232314
0.0279341966766
0.299478467702
0.299704102404
0.622429998734
0.266573568716
0.485384260097
0.677630225971
0.704907175783
0.608939604072
-1
0.18402197949
0.0170601692556
0.0354572056122
0.111540698264
0.0419089229361
0.0891064615923
0.0750342933018
0.147950870092
0.0126468640568
0.0
0.312211804971
0.184073451226
0.166934492059
0.0209357682096
0.0241310365571
0.187700029514
0.102302257639
0.413731156199
0.34413365772
0.679018027109
-1
0.0
0.606999091598
0.522751296854
0.165904331322
0.127105173887
0.251164870581
0.100767364822
-1
0.647384993805
0.247125432795
0.0542331886851
0.26009816504
0.435431854572
0.0420307214726
0.00269966703103
0.261599039207
0.465379601106
0.0467040518936
0.181487571871
0.553290791899
0.258108323716
0.710855103745
0.692308218342
0.00417332969511
0.269003376463
0.167868672304
0.511088944279
0.0236301961029
0.0596441440902
0.0393513927897
0.433213857548
-1
0.183555229602
0.0786728815343
0.0331837763151
0.546609894471
0.162755973297
0.188738633906
0.0562928967641
0.0970696246039
0.152573111088
0.360661184045
0.0794151883062
-1
0.0898765095966
0.245537315304
0.655401107602
0.364101352682
-1
0.549621238598
0.0360984819953
0.190252713717
0.0097524060134
0.224204765683
0.0612995616405
0.488992336719
0.0443976634725
0.490870345522
0.124037018827
0.28099311482
0.0511399752331
0.0
0.0936830663226
0.317393930678
6.66133814775e-16
0.954952580759
0.218644577638
0.0792987840148
-1
0.204004930176
0.156079576108
0.00817931353234
-1
-1
0.242316921465
0.0978685608287
0.00290993089474
0.699936164157
0.0193443997746
0.281277632741
0.429595090293
0.102267001681
0.44327968577
0.462912494665
0.113609056213
0.0845262250256
0.886003367692
0.124229933051
0.0138650447846
0.0251620290249
0.204264341674
0.122631360724
-1
0.197320950052
0.184004093452
0.141501180412
0.0548283395488
0.150600882746
0.207691664936
0.827293685813
0.357034241984
0.50936984468
0.448250238974
0.0107139019531
0.0804156293658
0.387291855886
0.26823658905
-1
0.164130552006
0.0070801737962
0.344437098841
0.0497150115027
0.574797202843
0.221881852029
0.370658324791
0.570464959793
0.0366947521323
0.261631722291
0.226883052797
0.529507057116
0.332499941374
0.0878423876706
0.150859755476
0.0200119408485
0.11649725207
0.335336692852
0.51472122797
0.14128721812
0.118888438951
0.249427152272
0.0612013762588
0.0892928401163
0.361935466347
0.0593737212928
0.535507998228
0.00677467795446
0.261110717049
0.0703278084281
0.101420221587
0.494923584607
0.177885749694
-1
0.255837116655
-1
0.671389927186
0.200764476781
0.343777805914
0.152330644807
0.0205439956525
0.170658158879
0.322413059486
0.0773501643199
0.253700054563
0.527886168712
0.130243083908
0.188780073636
0.213785496456
0.37177264439
0.216218754664
0.547014710135
0.700397430509
0.132906996022
0.0630844864875
0.0176643809274
0.157385740034
0.00402646232732
0.11647675815
0.502517963783
0.0640069716703
0.438044748919
0.0754868596289
0.429542968543
0.523748422139
0.310296494478
0.0240769948803
0.138252714775
0.528856154809
0.429143960227
0.0313785225758
0.399414583529
0.193579300111
0.515709970984
0.240975943649
0.569270165428
-1
0.435502780834
0.00945039095754
9.34205309469e-07
0.434845072179
0.222020748919
0.693965271662
-1
-1
-1
0.0
0.117664483367
0.0147800888227
0.49710562519
0.353863775955
0.327869484493
0.096168265456
0.00662456560849
0.127332582992
0.339394869709
0.0928898219958
0.166157625157
0.704370049914
0.182504335599
0.305645696576
0.0641541325897
0.20883529227
0.773389926872
0.21101766743
0.580833243453
0.168252619069
0.0967987515637
0.168793684043
0.0367425433242
-1
0.459767198412
0.262771242476
0.313367294856
0.223959725836
0.539837649218
0.160107975085
0.392015950442
0.0414720864271
0.0652039045051
0.333903695877
0.277101033634
0.015785485905
0.231618976869
0.0146650451843
0.305573471109
0.0937238807038
0.0394570169163
0.421098233441
-1
0.104206181716
0.546803234875
0.542898281142
0.00039587735061
0.2182288175
0.355249126369
0.0245715592309
0.178624745905
0.181251284873
0.705530914052
0.593546747288
-1
0.792780697218
-1
-1
0.0824085901071
-1
-1
0.000320863366656
0.0192522291724
0.0907286904444
0.181273177019
0.0222467949668
0.0450942299743
0.220780136303
0.0024670865563
0.401882841539
0.167578326639
0.33164957007
0.29571396888
0.0128215843806
0.0596540337279
0.619873831714
0.861147852161
0.458885900973
0.0591789549169
0.0
0.168420512025
0.564239719945
0.479476300522
0.0247056235448
0.0737478319775
0.255493244063
0.371089649288
0.516798284603
0.389702847226
0.240671935528
0.379048632102
0.339988827666
0.109323531989
-1
0.0282262569689
0.0124821944984
0.132690141341
0.147616470159
0.040842991295
6.28036983474e-16
0.361695834783
0.341447823495
0.313608229987
0.000727652442371
0.0443934316354
0.11496569434
0.181211733363
0.0273361446725
0.236817821423
0.402779308894
0.265543541079
0.0365490543617
0.0672658785496
0.358693394548
0.0841429278201
0.0357802999548
0.134305687409
0.144238373678
0.20959759897
0.235137123702
0.586478985269
0.155061852738
0.0501492843649
0.16310178403
0.394433599644
0.305497372762
-1
0.592903754605
0.37654821877
0.271158797612
0.347792811764
0.502344276953
0.208394040818
0.30640325382
0.0328847811429
0.00310707949971
0.217588953451
0.147608745915
0.0
0.572529560246
0.279112559304
0.0199632950237
-1
0.0152859567022
0.0847211701365
0.0731036302147
0.296157848584
0.22753074796
0.0841326921551
-1
0.0678511745648
0.000968927976564
0.0459390781293
0.0659156111511
0.159711552617
0.233844909768
0.437745185092
0.0745328292877
0.254128678532
0.708005156777
0.0275582998161
0.128525705439
0.0291252530156
0.183603785313
0.171416604443
0.186030656037
0.328124163987
0.169579740142
0.00652272370306
0.30481883098
0.139405943449
0.412663704962
0.225257147489
0.435137233854
0.0216153532651
0.0190244769627
0.334642416565
0.216892662141
-1
0.199272769488
0.371020764285
0.342334379291
0.376962267533
0.059177996181
0.0656694400683
0.191556085605
0.232300383458
0.235915592542
0.218370486748
0.375853385558
0.000262171997438
0.463020464024
0.0922015981384
0.0484316574234
0.403555923249
0.30004361457
0.168227495324
0.00446853134637
0.283723351775
0.557662111978
0.39868770265
0.503253303167
0.151231555689
0.0212843828275
0.132966287151
0.999999996825
0.642350819789
0.185764295885
0.188697399005
0.0260093127519
0.334043509613
0.27415017904
-1
0.100695253638
0.0560305507849
0.656764494783
0.258646021633
-1
0.353064157558
-1
0.629622485585
0.16173662167
0.115948928048
0.173501790845
0.290715322546
0.387800608606
0.286619684679
0.35811425807
0.0464271867149
0.14154569818
0.305358085058
0.170357505814
0.489853149767
0.213943974119
0.591630734494
0.248569089633
-1
0.340307708597
0.0866625807178
0.195414835569
0.314271423082
0.301836292672
0.0214391839782
0.0131856791511
0.540487632002
0.9400972001
0.273161583465
-1
0.837563137669
0.216663610064
0.213909721713
0.289313623874
0.0446169589302
0.157818851644
0.0744024774094
0.191100339628
0.102225119145
0.267151536309
0.214905566657
0.182512378605
0.125850396638
0.0632262128229
0.196197048224
0.0415004640184
0.311426400167
0.428189550153
0.11318589116
0.105773854767
0.0398493045654
0.734231835819
0.372244956829
0.655691082866
0.23521122528
0.208698814366
0.228633285204
0.153830923553
-1
0.173717533693
0.837219364704
-1
0.0335213519355
0.413540210065
0.535447997757
0.248480906051
-1
0.507163989231
0.389796921128
0.284359524212
0.697605139539
0.484183483762
0.0
0.0916747231032
-1
0.105818052316
0.0777512658579
0.674104490262
0.279770179766
0.244781171488
0.273106578219
0.124537553327
0.528730199311
0.209138715298
0.382570849477
0.0130092373504
-1
0.0325656232131
0.182881473232
0.220849945921
0.0147337305174
0.21767667938
0.532938636348
0.42043049419
0.40240156824
0.0817266582293
0.278393014671
0.224019888154
0.000611393649127
0.311319405098
0.355232753175
0.628687041309
0.0208927585847
0.0774192958297
0.0388986546836
0.135143533083
0.309730328616
0.0760027572157
0.156022107663
0.273253919315
-1
0.640206796823
0.0660931603592
0.201227842484
0.0135592467084
0.00790601417272
-1
0.535042260884
0.352955094141
0.325759699042
0.00163051810126
0.504169880301
0.600070494574
0.383703285283
0.273804390311
0.0110375219839
0.0
0.093471446928
0.649963086012
0.029445830988
-1
0.0894711749703
0.265405488792
0.0116529052793
0.144676411311
0.214603614846
0.209675015509
0.0669997021232
0.314558360996
-1
0.19172555052
0.119151373559
0.0372145441833
0.53195112241
0.468239118472
0.228680009849
0.0149991508491
0.547047569522
-1
0.0703362633332
0.114983556235
0.364112172715
0.161037722372
0.125989630853
0.083231711654
0.0728882918468
0.308052033069
0.526593000117
0.132441577015
-1
0.062797041231
0.0170809238597
0.461105367578
0.0
0.286202118726
0.556941538816
0.0560558007751
0.0178565046902
0.28564230534
0.0781151587519
0.509834172517
0.203185243823
0.110167767545
0.077283737781
0.0833553320507
0.23186988325
0.389005743176
-1
0.370008941925
-1
0.0878904876722
0.251446204841
0.0
0.529400887256
0.325663791607
0.242291431116
0.0208857736519
0.127274104817
0.321237365931
-1
0.0723154068344
0.345588350557
0.15935244031
0.0485380168862
0.420780997283
0.0171576449673
0.101477201527
0.0547377832296
0.142454969424
0.229777742559
-1
0.0894546822544
0.455974788898
0.394464019398
0.441965816388
0.141711784132
0.462504592961
-1
0.0472438721151
0.293132928289
0.0
0.0581056238987
0.310083947952
0.144614883729
0.439489290057
0.208768326209
-1
0.0158291020829
0.624746365616
0.265186274809
0.456012766206
0.160013951714
0.592551982889
0.787418281102
0.499347880614
0.708330829998
0.0334661487858
-1
-1
0.239185783611
0.0203467574543
0.238974466272
-1
0.948868881341
0.0094421321962
-1
0.033913557237
0.524750672076
0.205778751345
0.536936601431
0.311936377231
0.0927924699405
0.00324795865774
0.000828921173
0.192413506193
-1
0.0
0.16093288864
-1
0.119783005768
0.326607167018
0.262393102386
1.67543677615e-10
0.291912048827
0.349913751972
0.539839239606
0.0209203023924
0.123894381407
0.271959446023
0.175124804393
0.413935010538
0.162370043562
0.283842495037
0.356289212471
0.538078843926
0.274372110929
0.00326260711603
0.23929556391
0.0413084014294
0.267244502439
0.0659262272059
0.0374486431818
0.213261410436
0.512854877787
0.00150957652033
0.641689280734
0.0971966440056
0.12321945295
0.149583205874
0.436907643432
0.303900158464
0.612193259316
0.0888988733516
0.392339330245
3.21520445143e-05
0.150258894384
0.381191786017
0.196821382799
0.24441219143
0.0648378085452
0.194992980486
0.265048787458
0.372319991859
0.334494052601
0.545334491893
0.201774637113
0.376393438259
0.258008105903
0.149182380411
0.287636936714
0.00413943579874
-1
0.165090618492
0.162101808509
6.55851795005e-05
0.0658463372899
0.0759432676904
0.30370335277
0.428995943575
0.0
0.276503998666
0.462568044402
0.180389104379
0.105546526651
-1
0.223496958895
0.439988342778
0.161453076623
0.492694423556
0.527186407505
0.528647271865
4.27471909163e-15
-1
0.220628104846
0.446538187901
-1
0.0271464895008
0.224565023603
0.432399936617
0.106486611101
0.503245171257
0.0917879411237
0.265614863171
0.415731142778
0.637047337425
0.242052113662
0.0313126011193
0.0094839749801
0.47097603837
0.0029693017308
0.0632715383999
0.56810909561
-1
0.322672665649
0.00838221744914
0.718579845857
0.581434932855
-1
0.809128669937
0.00217125251528
0.176039263523
-1
0.397833854755
0.59238814491
0.0138194003021
0.334275311007
0.0531884929113
0.999813342448
0.0947980004432
-1
0.0429143876474
0.116893286332
0.537218600749
0.0543147755215
0.424857553612
-1
0.0229090451755
0.357630376152
0.231576628103
0.0382057961842
0.294418095271
0.283111639889
0.561363371737
0.373124957121
0.181506109575
0.223412240707
0.0114129254461
0.677157864646
0.00253673993717
0.15367556934
0.0900758749539
0.0323658457949
0.0754479785624
0.374962014587
0.15565426319
0.207077639856
0.299547480905
0.430153908689
0.299152768874
0.00962920948659
0.00206945967839
0.543408885928
0.425546197971
0.615172724418
0.203362741481
0.0441163490497
0.746362729957
0.21673157574
0.0482152745764
0.552896028553
0.654176310031
0.550671208092
0.0809960347264
0.10629080058
0.0648073185731
0.265243687403
0.185045044707
0.0713639382065
0.0760351168007
0.594982767366
0.140248806416
0.0
0.0
0.0238461418887
0.110457955689
0.0970495926696
0.15291193599
-1
0.130835064692
0.0182271195513
0.602902960346
0.410879071337
0.0525164456392
0.235270289072
0.49554386949
0.0988935013471
0.285053429719
0.153254051173
0.120390228267
0.16168806488
0.626396749532
0.148121131875
0.183572430871
-1
0.0
0.598336315792
0.261867043527
0.425888485086
0.272570033827
0.186206717779
0.0844523797667
0.505178934333
0.28483236185
5.01861519574e-08
0.0809112568908
0.437958094364
0.255182391732
0.0631113484274
0.0583460397714
0.700004577851
0.253029799615
0.0750607669014
0.000977806216757
0.125249755307
0.0418130133521
0.681752210554
0.0788730486945
0.523267770312
0.202456534144
0.0955295669648
0.195296395189
0.329499666913
0.614249208865
0.62807438603
0.0360245538206
0.4226818477
-1
0.331471212447
0.14970411357
0.418718831255
0.441780122017
0.188809481899
0.691146339217
0.196886084357
0.0628969753761
0.240617676853
0.0410528709715
0.165663071382
0.619558140864
0.30955552543
0.673088361888
0.189830291403
0.323464925152
0.182512119158
0.254465096436
0.0366442721382
0.0565477044545
0.0
0.291954728375
-1
0.199563436451
-1
0.243949067043
0.0133865175722
0.0637662503047
0.242013283579
0.00810905289116
0.0996539193548
0.37264259396
0.145568672976
0.707778373703
0.937005701448
0.254132910995
0.127839605317
0.198410956952
0.232653312561
0.753782539091
0.163119684968
-1
0.321177356432
0.111439938682
0.0116347622309
0.109322438878
0.489459654775
0.279214699158
0.591315421098
0.635463182896
0.0237584129176
0.0892135920793
0.257866193697
0.110694247181
0.652640516065
0.158449965581
0.355024496172
0.0158648867533
0.10529012849
0.67546116277
0.202254484533
0.0544082483218
0.74343217883
0.187028461963
4.41253348188e-08
0.661499644757
0.461123075865
0.648364455841
0.0186753052161
0.515349249604
0.0199083428693
0.445169490394
0.115754356102
0.252683055583
0.0645309868167
0.0291430508697
0.050663968977
0.207256453596
0.0074347451602
0.672003987187
-1
0.25349712087
0.651848464006
0.237664726992
0.117622969485
0.501221184963
0.258429287523
0.568971414146
7.77156117238e-16
0.164109570273
0.0493331046393
0.542527699143
0.0260641088604
0.222496440868
0.285728363797
-1
0.439000512639
0.455182211896
0.611959929121
-1
0.355701046468
0.210778715167
0.190287459926
0.0988037173592
0.0477224762485
0.235651416361
0.356868860243
0.240069675195
0.19163081831
0.107887077927
0.125509666229
0.274607843465
0.276344555421
0.153137233654
0.0773599774057
0.38749015429
0.278988746063
0.128641259097
-1
0.134558128597
-1
0.532374098595
0.676152679503
0.653065930479
0.0918805429528
0.0330509592613
0.0430865654788
0.745040919638
0.198974631407
0.00771574475183
0.0638646486481
2.29701320215e-07
-1
0.640695692574
0.0284820182547
0.547497306455
-1
0.0865865066421
-1
0.180021665601
0.00694555334242
0.534724073966
0.0512305661442
0.0182077811911
0.0699734271009
0.0887178084932
0.0147276233103
0.306024880156
7.77156117238e-16
6.28036983474e-16
0.0508022201207
0.504602455789
0.00280964220646
0.750390362054
0.219110429994
0.174621371717
0.0814185002282
0.144087857375
0.0298298906018
0.441738941392
0.000229811917942
0.0176714864656
0.0325321188183
0.365512487384
-1
0.582418879088
0.0525540561881
0.238967079843
0.127317248615
0.149803134423
0.00480664532783
0.201853844734
0.121078217422
0.160475059847
0.324527974025
0.285804661947
0.000103343443194
0.628849082378
0.28242062872
0.114967119417
0.342293605299
0.22493409182
0.319750378386
0.0853471643147
0.157623694525
0.275715971916
0.0833873999442
0.999987698703
-1
0.137662213094
-1
0.00360287496728
0.475880496267
0.511117046896
0.155776667829
0.0528513785615
0.538967928762
0.0664456300754
0.00550142162007
0.30911051967
0.221544268481
-1
0.0458003584425
0.256864505191
0.178714320876
0.348696495527
0.0357657700487
0.209342661718
0.239242559014
0.142096774769
0.277662524409
0.0367260444264
0.0263949666636
0.713544727932
-1
0.283101050349
0.516156084374
5.74654175149e-05
-1
0.327018868584
0.447979974872
-1
0.429510449417
0.568037092576
0.0924069604328
0.146933445984
0.0989133355163
0.11843514961
0.604299071777
-1
0.240492736419
0.906280461578
0.182256316832
0.460120647115
0.134807450896
0.177702988257
0.0381822832803
0.0201176671009
0.526127285458
0.0299324128535
-1
0.0397160488931
0.10985208038
0.0249170506258
0.179606033071
0.523400887241
0.61626442147
0.42167238057
0.298305780842
0.0247724760505
0.0783036066905
0.0257107045951
0.143782420293
0.221462798417
0.140074072621
0.169807980392
0.0131224192654
1.14031699051e-05
0.171742866517
0.32774476739
0.452008866084
0.179880151235
0.294784433324
0.588861700923
0.312553878003
0.0777003646341
0.583912756931
0.0
-1
0.00799472322409
-1
0.257853639653
0.186245311647
-1
0.511532742768
0.281660796447
0.0194378096024
0.267782988018
9.35960364174e-05
0.0552281519239
0.113972346255
0.60377790035
0.0141408528486
0.0265445266216
0.0477401358085
0.141284282213
0.143055280802
0.00339561209054
0.0488869815131
0.0751542718061
0.316398350507
0.0011000471333
-1
0.0315904730581
0.100727704711
0.12553393051
-1
0.481061964908
0.271692601696
0.340838078015
0.50975368471
0.613506671144
0.0874186097936
0.315086698178
0.234562962043
0.0144242940124
3.65760428194e-05
0.065490419429
-1
0.477783487836
0.117417131428
0.366908890842
0.590846819656
0.233878139001
-1
-1
0.137957012446
0.59906258362
0.0771345304714
0.0781616659937
0.158192428259
0.318891068307
0.23485567145
0.839914893151
0.182992666564
0.404017218858
0.0456587962145
0.0806940629107
0.193147841756
0.202586044371
0.51372748108
0.0453080895603
0.201329066536
0.129738388243
0.0395721037914
0.0144398465164
0.581081002338
0.443379787508
0.00469135722872
0.156803415511
0.307722496715
0.140667520946
0.266717169302
0.478473343703
0.137886079901
0.661318991031
0.0498602095379
0.274412319378
0.0988994208538
0.555060796529
0.0
0.545886828408
0.500423777631
0.13096110403
0.0713870810586
0.269080960331
0.198131821623
-1
0.105144135829
0.0101511392578
0.261216575866
0.999999863309
0.263984501451
0.487602597063
0.334190517618
0.15159563232
0.233418634689
0.368614225036
0.264800694853
0.0653868914469
0.55857644481
0.0
0.0615446104758
0.909094251857
0.0874044714165
0.683771736807
0.0952305421139
0.51919711147
0.46161876641
0.486816533298
0.60462061393
0.552119407698
0.338698501163
0.274496082368
0.544211618157
0.538884382272
0.140570404237
8.881784197e-16
0.403469103258
0.721238136787
-1
0.0131920288065
0.0193922835598
0.0214359769487
5.60529200516e-05
0.00103031461409
0.444303950087
0.0532626687083
0.559368311342
0.35982908113
0.084438075954
0.373095595795
0.201065390369
0.675612828205
0.0602217876997
0.0840079502518
-1
-1
0.233013521611
0.0
0.419326868969
0.0846636073374
0.0180885923289
0.993340507597
0.366824841182
0.682041703997
0.432982520244
0.2378788
0.413133752349
0.127007534884
0.246359213815
0.258023793521
0.187023642945
0.330733335961
-1
0.0822224719465
0.190234388101
0.274784454553
0.248092338114
0.593503570365
0.18329831167
0.0429788048382
0.172885132452
0.119821035446
0.992567175631
0.516919361888
0.0947676482599
0.158426472703
-1
0.0453993740579
0.514223894285
0.305330771734
0.383031175309
0.509276634654
0.0982781509082
-1
0.140401330834
0.198182553384
-1
0.0275158094586
0.0558852271287
0.152464266594
0.306652795108
0.0303834894734
0.442735992551
0.259917370336
0.297234446863
0.110633514754
0.22839862066
0.440865155551
0.0693588912153
0.0277205346745
0.130018539479
0.168858924191
0.533993261107
0.152144916506
0.40330540867
0.676052447505
0.161725033103
0.0484536751966
-1
0.0515412008366
0.0
0.0720369750219
0.868244463459
-1
0.377919293027
0.431009063429
0.240165366801
0.111184548007
0.0111742537363
0.116561838555
-1
0.131578252861
0.44686802968
0.153462492583
0.111091724383
0.0594587323656
0.0541888664775
0.0211482238551
0.0419400951559
1.30770261066e-06
0.0202758276366
0.439888884193
0.356946370731
0.00910187462314
0.109944705533
0.34018681226
0.520075167033
0.0902515291339
-1
-1
0.000148277465815
0.309508313348
0.0
0.0995074394563
0.658920101081
0.209716226648
0.0936930542242
0.0427836387087
0.224036047666
0.0567009383658
0.118726477858
0.501008965848
0.271375879097
0.00642059147922
0.255512708102
0.262240336737
0.565076551336
0.333328361438
0.130811391673
0.0592796939285
0.123767925987
0.122834318502
0.147425839917
0.0346452139399
0.446847682197
0.0619729096887
0.147292447849
0.0853686086356
0.148702563867
0.151850247471
0.694691731836
0.363992119354
0.150982099097
0.125097746665
0.0259389303075
-1
0.642604343092
0.195382614703
0.420589226812
0.00938650340474
0.458306687941
0.456919523151
0.515336256793
-1
-1
-1
0.00264918300818
0.022556338493
0.020330505606
0.3451643414
0.235996958553
0.171772142243
0.0564184750082
0.176254191703
0.488421351708
0.011060844565
0.282135693575
0.0700613950277
0.3632634351
0.650869607084
0.00188117454224
0.438458946648
0.536374974293
0.162139324761
-1
0.146583474036
0.175732454327
0.0585805215685
0.347045054402
0.00122022864564
0.0199300791867
0.0520301605371
0.171107541642
-1
0.393702977081
0.309291189944
0.320027036347
0.0513534074597
0.144371195976
0.106926639484
0.0558188918961
0.273729500922
0.0786156702321
0.13166128214
0.0085834848521
0.175196468857
0.157724813499
0.0743157977506
0.113648694687
0.0
0.149939154222
0.0551785013751
0.845645784606
0.12381695149
0.773059297054
0.128741879381
0.609400112922
0.0919891645281
0.119761821095
0.00524793085814
0.238341707601
0.0585551604233
-1
0.0721345517584
0.288046788527
0.0425160211208
0.27015532536
0.781670316208
0.101319504427
0.177464289396
0.0221748327559
0.344882354792
0.00787477747729
0.468059274773
-1
0.400706048074
-1
0.786482582986
0.731249802245
0.155778158607
0.557339229476
0.0024862558311
0.276649804911
-1
-1
0.332082065366
7.23776861245e-16
0.700150006986
0.62732422212
-1
0.176952756171
0.0564943549975
0.10926551637
0.586987738728
0.489017095503
0.00168104660109
0.107976819137
2.12107811032e-15
0.495163539866
-1
0.0464988526841
2.5461553854e-05
0.277753699444
0.0585335374078
0.238088640923
1.84380604266e-14
0.519489652338
0.0658041845492
0.119374136919
0.475930705015
0.0585840712566
0.120431901941
0.00165697593784
-1
0.515920030093
0.234566631003
0.473160349303
0.443933551377
0.0123240424721
0.0118653698248
-1
0.154310498164
0.316374134491
0.103782990066
0.283695382809
0.336295362445
0.293878439999
0.673352445455
0.0670242007979
0.362074888876
0.213388196093
0.0314689898868
0.268868487035
0.331590010736
0.207210038819
0.238931741499
0.38807128588
0.0617865154279
0.589247632429
0.421934528673
0.422131541797
0.339327605745
0.286457337167
0.342100651499
0.428634788258
0.245691312115
0.128051603419
0.258054694031
0.179731746003
0.0148164445346
0.0905814954405
0.0584494124222
1.37102429801e-15
0.224764219963
0.133884218268
0.00189418840984
0.0278034064124
0.0996047050694
0.0940456429851
0.00399388986279
0.0111029080198
0.046095928858
0.522364657411
0.215812306328
0.0313100774652
0.190205973346
0.829724414722
0.0
0.174215998585
-1
0.110533107499
0.276105930363
0.0403174497484
0.0130420786144
0.100524165991
0.414520947982
0.00111872357484
0.000555997399018
0.276345637873
0.0444221169986
0.171665578054
0.355468842491
0.172178084579
0.0557917170483
0.0371432235548
0.472065414444
0.0548218362374
0.553758888267
0.47823979855
0.45996090785
0.00796387387068
0.478934569885
0.467959164192
0.00818930499414
0.634597635876
0.290995113411
0.0420667041422
1.44328993201e-15
0.467407354637
0.293472669555
0.137596079237
0.115739831298
0.394185424634
0.999963684302
0.00216673675186
0.114289416463
0.40231805459
0.143633551452
0.0
0.488099448638
0.320386025358
0.803349522298
0.67342740531
0.0
0.118918633348
0.179681373637
0.281408669247
-1
0.220482777385
0.0857417259001
0.380577116928
0.0263380499391
-1
-1
0.0981430566341
-1
0.262610282103
0.221311910604
0.0512410557594
0.0253370275806
0.0187050488725
-1
0.454627583738
0.599069173384
0.146425851333
0.105620746389
-1
0.442608765747
-1
-1
0.399890063897
0.485458612215
0.0399840580034
0.019723601266
0.00613371792948
-1
0.310315885209
0.445913664948
0.675724264294
0.0845995887245
0.152117250472
0.281565016997
0.0414983705864
0.0700185701499
0.0276307014411
0.663747810999
0.0452640782322
0.0
0.190356806313
0.242650910011
0.0345246143799
0.000109648723319
-1
0.330650204641
0.0659771724579
0.559364255369
-1
0.229246993998
0.0
0.559646414572
0.209620809285
0.000625959865471
0.19303382044
0.532111007687
0.572613608619
0.0145443485934
0.0740908145002
0.00858552586464
0.000736850730168
0.523228038862
0.538350784269
7.23776861245e-16
0.0730810970415
0.648806827938
0.00498223379637
0.0445945851054
0.287296425228
0.256513533853
0.443700863553
0.201297420565
-1
0.0223044915023
0.131755884904
0.0622758142455
0.0944127290588
-1
0.0
0.0
0.04986786053
0.0657406756287
0.131314940891
0.598238112395
0.250114084372
0.0959151043985
0.00523982735814
0.0285663967447
0.113728888182
0.0499283233606
0.459692421361
0.0756419290523
0.135840637365
0.35537795873
0.248044454805
0.0225286221947
0.101085316258
0.0956846506086
0.379016611633
0.149394193742
0.285187967326
5.49532360539e-16
0.105037123899
0.304511134815
0.318573496611
0.093157363068
0.149108949763
0.0357288741179
0.25369453925
0.0672091068088
0.304855325677
0.562099248553
0.0542109063105
0.0
0.17164979899
0.337307967365
-1
0.519339517734
0.0303896387539
0.595668820085
-1
0.0270136917828
0.119400748994
0.4395574407
0.160848848694
0.540884487022
0.651156954894
0.0
0.485561572599
-1
0.163056830743
0.223362611471
0.292877215019
0.382629024366
0.103585753718
0.139029075772
0.369036384274
0.396544190989
0.0353853160965
0.142731135811
0.249377381499
0.0
0.509963109003
0.185527706147
0.504439322838
0.626749689379
0.186264870174
0.237962852139
0.0393572702182
0.392308624776
-1
0.528266046814
0.271651764678
0.0
0.300102274134
0.557669658315
0.072700624229
0.48102935857
0.666216184995
0.37192930424
0.0371254240467
0.081217227017
0.0563283901877
0.0576385386624
0.327417119535
0.0584664262794
0.16490070146
0.0194405873851
0.478328032363
0.340147562165
0.0818432534223
0.517920178071
0.36971268356
0.391230849168
0.0632547064752
0.417354306265
0.261432693317
0.22735120233
0.387168206444
0.0782554420858
0.0469313720897
0.119608133756
0.173949196369
0.52433102572
0.179680786933
0.33514743207
0.46107929326
0.440443132931
0.0496489174766
0.56833414141
0.110678151957
0.861493706059
0.646896960605
0.0622858861407
0.464717604805
0.0552069844136
0.346921625295
0.13396840628
0.222595618384
0.0942503914691
0.425055922856
0.260800746938
0.233753171199
0.0510819910151
0.218890361329
0.333626855695
0.23232658664
0.479886920451
0.108667494144
0.625610127888
0.235051670161
0.185550450655
7.23776861245e-16
0.0505562569826
0.56233335826
0.0375171793274
0.172974008496
0.0154816726289
0.164193145963
-1
0.519454774688
-1
0.516313526502
0.249820403128
0.502814862457
0.161934816607
0.202781319648
0.0220645454086
0.153779774126
0.0312687703
0.2189728696
0.0624265636136
0.255162572703
0.036545087905
0.239377910911
0.00612026752236
0.00411568224489
0.142500362597
0.563911845488
0.0
-1
0.0891406270071
0.593629376153
0.14015081041
0.38632381873
0.202307530922
-1
0.116699850664
0.0124562380113
0.0274056023192
-1
0.0536884332925
0.459588355617
-1
0.211825981943
0.169217931929
-1
0.00128259643867
1.51030310086e-06
0.0801546560668
1.51030310086e-06
0.295929159568
0.00117497234271
0.0102649569876
0.575330161209
0.113629792144
-1
0.172943815238
0.256878108415
0.00212161237363
0.116473434504
0.0739642658151
0.0
0.470734231446
0.586050010496
0.465601220407
0.760804416331
0.269795817166
0.0189171887535
-1
0.0451578435715
0.466622411744
0.352420412239
0.0280645056641
0.0200920432958
-1
0.0673331811815
0.603268545206
0.25671381242
0.419893381208
0.0131864054
0.109153347642
0.151220738265
0.00800463723898
0.120745286666
0.246034754539
0.207815095736
0.0525815386987
0.00280823689025
0.143965757781
0.134663270013
-1
0.0557156953161
0.336034655717
0.249459430815
0.992038773605
0.470377902529
0.229129101934
0.671853784181
0.0248156867994
0.10192222945
0.259260171942
0.414207032356
-1
0.233122736965
0.390773700868
0.317487811339
0.326348624693
0.189796129281
0.238302726443
0.647219759679
0.148710711492
0.142601914896
0.0
0.0137054245008
0.151247207187
0.219262922953
0.155829042902
0.175698944492
0.152769950496
0.501506959072
0.35850168141
-1
0.195726318317
0.119217642501
0.350895966532
0.0072529671213
0.00105409943916
0.0572697665371
0.639770087549
0.15405984894
0.106955183505
0.0574878273298
0.641100515643
0.000608823939306
0.020341114414
0.388982860968
0.228047517499
0.0195649302174
0.0581831945652
-1
0.289374140381
0.351809206117
0.083459765978
0.402084814576
0.156191604818
0.0
0.0
0.568020643457
0.047801205277
0.260642929601
0.0536208642811
0.0934065063695
0.474442757275
0.0260512207838
0.00357649695807
0.802471318255
0.0493860725496
0.891647258993
0.117275867717
-1
0.0539282389463
-1
0.117959128667
-1
0.341864421348
0.191001056441
0.115753800609
-1
0.567326935568
0.407676913978
0.409509084952
-1
0.617160819945
3.39868972179e-19
0.0392410688622
0.00962666542393
1.34307657754e-11
0.0344418188583
0.130156343737
0.188083296435
0.0212994094909
0.0172613396223
0.196939424425
0.324241057818
0.243634349542
0.0567105767095
0.409154175405
0.268228659785
0.188707786909
0.421256689294
0.000684009902424
0.707517683661
0.0655810022528
-1
0.45426867857
0.250253593276
0.130997556824
0.013831575375
0.0302100810505
0.205062213158
0.6370189773
0.147682981544
0.0748926203566
0.42796751162
0.25115353579
0.00106982845031
0.254683469028
0.00191925754298
-1
0.311511230088
0.235040742447
0.269546335993
0.0789310980593
-1
-1
-1
0.0434773124868
0.225203039174
0.0794254364512
0.0254180388503
0.390002461028
0.238426905427
0.154727069426
0.0254392697474
0.09612961821
0.156838694736
0.513428425821
0.0623475983689
0.231124117401
0.312227003928
0.0653009805952
0.173612138818
0.00059586230827
0.646527740556
0.351300808255
0.242108465061
0.338559829543
0.423224630653
0.262836874468
0.286542483385
0.253647304012
0.0587884198636
0.0306029624565
0.387563085822
0.00257922144895
0.414120393585
0.15822208207
0.0618889511934
0.0107806817891
0.29945971131
0.39627313617
-1
0.105842849644
0.119729871431
0.769729520083
0.240629314034
0.631317326091
0.0
0.252019734711
0.660251405662
0.54355251898
0.002581537954
0.0670310684141
0.241978208496
0.0271679970453
0.0167098954356
0.193990689915
0.0320731575084
0.0378024670575
0.311597454683
0.362445289603
0.49818669882
0.405272649018
0.172131694788
0.0
0.143869292117
0.102514739919
0.00168958347787
0.0539871363478
0.274364143699
-1
0.0852239428985
0.0281814707909
0.326510070392
-1
-1
0.0
-1
0.0
0.53085444304
0.29829207374
0.479435858776
0.264608630671
-1
0.428542488177
0.0586763327385
0.417557188161
0.18404430144
0.0874043479943
0.157690822812
0.110211479694
0.00491389167202
0.000544160632454
0.111592324503
0.0314438022796
0.408151119735
0.368590193352
0.249524381465
0.469492115703
0.0121666557492
0.0
0.124306074627
0.524043105893
0.569432077897
0.270069845647
0.161909129426
0.215430754191
0.559235730961
0.151224789008
0.347609437481
-1
0.011960880137
0.0494343784313
0.0224356285737
0.130530944928
0.153109454557
0.0221346409375
0.445918950804
-1
-1
0.0601742703401
0.0790124853912
0.652045828047
0.241602260658
0.117823865227
0.243127444324
0.0385244508423
-1
0.412474004824
0.467463831144
0.0525258569239
0.15635818294
0.214784486399
0.014397260601
-1
0.155299480625
0.260738524097
0.179711543622
0.317473586175
-1
0.152272693472
-1
0.172363595701
0.612623462639
0.54830025367
0.207193706904
-1
0.490582525611
0.143511715723
0.323584051758
0.0617897469483
0.432057294871
0.0159499178308
0.125081277297
0.44543297825
0.133656353917
0.473132016809
0.191233497066
0.683791923142
0.00496964651713
0.0380636985505
-1
0.509189486387
0.391139861382
0.363512718295
0.0637212661457
0.22688483044
0.154721336787
0.156531952311
0.049767809986
0.138678983442
0.599364654196
0.233352619369
-1
0.0
0.13957517703
0.100765064299
0.0939598450113
-1
0.0661242805725
0.310261359618
0.243427629349
0.14315298043
-1
0.623839994457
0.397211893935
0.130495207209
0.0187295113634
0.637005906685
0.235233148119
0.332302384031
0.436717057984
0.35597353325
0.146252193683
0.096739273589
0.708080024897
0.931174924642
0.414317324523
0.138650652568
0.0282252692721
0.165151023569
0.258715327067
0.283623792348
0.578339228721
0.411862653726
0.436352183618
0.0256101521596
0.550422503622
0.052622370183
0.478218133047
0.248754332522
0.510423918784
0.00590618222216
0.424602396948
0.220373294243
0.275444772419
0.0573531947005
0.00546597598317
0.0386499432522
0.312098500474
0.144038413161
0.146364568664
0.28089495535
0.383292453681
0.0
0.0
0.0980028340625
0.321225132955
0.152033521498
0.139254155661
0.311322991416
0.458451846336
0.543697339758
0.00946131628559
0.119253626306
1.0
0.0223166577001
0.198178604887
0.544191888958
0.554847946329
0.130086975562
0.619218912572
0.864465357042
0.430886420113
0.183983737092
0.486405770228
0.000106112633632
0.633724102664
0.0356011425116
0.0259551178652
0.459250407039
0.228654728901
0.25855754057
0.239425774186
0.116206386437
0.655651712462
0.464559188729
0.237528885171
0.409412973803
0.435270884943
0.17390289126
0.255837785782
0.1033460851
-1
0.134680567832
0.0865507593432
0.00759117927244
0.74915528028
0.0139511019136
0.00442904449384
0.370706421048
0.30232667238
0.0328364140167
0.000851160230013
0.700525392487
0.02980575225
0.458147499166
0.0325265838571
0.0204191173806
0.231675821452
0.297639701856
0.23085952173
0.146593611093
0.091604573394
-1
0.356154333029
0.0748846723974
0.0030779746144
0.0307369770872
0.0206053472574
0.570701979406
0.525406915342
0.269701883073
-1
0.128942683331
0.115726936238
0.10939177357
0.0480125332701
0.0208805421472
0.343253906583
0.0724749843692
0.766895019468
0.597305989945
0.180565452081
0.375454205823
0.0516155956634
0.120620014976
0.0972754609512
0.777193974169
0.428549524022
-1
0.207684081063
0.241608913911
0.0
0.52685485496
0.374377936267
0.0463116183798
0.0900068175257
0.555745541127
0.0
0.00316121751592
0.0044844480897
0.243858549305
0.435371196748
0.330600304738
0.0401434325347
0.0340971151689
0.00473597369289
0.0159266075183
0.040444998938
0.0184497880199
0.58247399246
0.302415981506
0.247129137922
0.17645100994
-1
0.207815306094
0.00966931883138
0.00302840233936
0.0
0.149555479329
0.000813911853091
0.962043892917
0.030983290867
0.153837829334
0.219409595482
0.235988060976
0.0738580668882
0.129682930223
0.0135475962383
0.0227473786004
0.209770819398
0.499394122298
0.0960418708465
0.855802253079
-1
0.0602957225132
0.25039651796
0.0424239231179
0.00693777248301
0.141653906755
0.0451979130776
0.0539425407009
0.256495008825
0.0248421873125
-1
-1
0.553078846323
0.0440368449691
0.509381657941
0.153636624051
0.0184748933068
0.229972959052
0.266813767921
0.182468560292
0.474960309328
0.092781959336
0.0474601709745
0.732724163382
0.0658101249665
0.226069567346
-1
0.46075542063
0.116271756664
0.452606079125
0.043480787378
0.593963767381
0.0257979282779
0.501772540814
0.632082167551
0.100522017842
0.467714299761
0.121297442583
0.190159734845
0.677766864351
0.450540212114
0.0874602839563
0.19227583465
0.825316944622
0.50680497101
-1
0.0
0.00885417942511
0.0276396839701
0.662273902757
0.0555009227993
0.634047862022
-1
0.337556588847
0.0372253115042
0.318254013111
0.446744276696
0.587417489535
0.0389639848382
0.00198337892784
0.245951705244
0.386835745159
0.233920637763
0.0681584295422
0.174182579266
0.452629528238
0.0
0.639922415229
0.0420180043724
0.0790804366505
0.198676814316
0.00558086148335
0.173321106371
0.300838030569
0.174351992655
0.245152846923
0.604105282136
0.525700916564
0.0252642807059
0.0189854462518
0.668906525496
0.123595564241
0.0517772410407
0.0603245870725
0.0129180955331
0.664674794146
-1
0.138781862845
0.674602871783
0.2523742801
0.048619884926
0.318321856003
0.512521405005
0.59164402904
0.112613611012
0.0460147491347
0.0050502739699
0.430651508
0.205761858003
0.366876321235
0.0170658662886
0.345333070899
0.116461061571
-1
0.098289846972
0.0764271301216
0.14890053401
0.0147442033799
0.47529042144
4.71027737605e-16
0.110300785125
0.591919730124
0.28471854832
0.132410946048
0.518643226092
0.593450639361
0.0907996953615
0.85003065022
0.538697479786
0.369332889263
0.504239170944
0.115349545073
0.287918128349
0.539164858835
0.588999068761
0.0171353716923
0.275514857594
0.340218668387
-1
0.573501306785
0.0182985405033
0.460416130461
0.250204559735
0.498145610757
0.341072903027
0.348923841587
0.403753540585
1.12401514381e-15
-1
0.290553253072
0.0359029808492
0.431606921732
0.304196975797
0.0768745810498
-1
0.255878858188
0.655287257451
0.264572068127
0.0960148569457
0.364469041685
0.0556872581853
0.414372096622
0.370390912116
0.195512554927
0.335003484167
0.00488390378005
0.516694427005
0.0242253134441
0.069456248734
-1
0.105816970676
0.133902335501
0.228069545153
0.217370892099
-1
-1
0.149107660519
0.451719543966
0.0867120270424
0.160570071675
0.23612926199
0.946454300232
0.280588451596
0.0795828754601
0.00251550646602
0.418035881837
0.510048302469
0.632825311506
0.898265584082
0.122211940427
0.0
0.577307714829
0.0414355566062
0.402953530034
0.403597908187
-1
-1
-1
0.0692912258804
-1
0.0169978072174
0.0535739219
0.0049007928161
0.244724372459
0.372859893739
0.972006563044
0.0081477486764
0.265157236085
0.563026578703
0.00247537728368
0.225199149735
0.0253044596231
0.185868003839
0.0484843599744
0.196983846152
0.204433916872
0.0191615981517
0.414262099844
0.209137894541
0.327109694687
0.150937153367
0.260470651129
0.453330571336
0.0156343854802
0.324745542958
0.293767320197
0.268796845122
0.244249778894
0.578640340654
0.0573339920152
0.247854281168
0.93738374829
0.0317933677605
0.050464050688
0.307994790505
0.00167184850919
0.102174899024
0.293632161336
0.0
0.324784062273
0.307310523135
0.547888381944
0.208525642201
0.775958971164
0.201305807724
-1
0.422833016748
0.275466755951
-1
0.0187763213332
0.000942396912217
0.101968508075
0.0145091274001
0.288070194925
0.00146129193255
0.0123722987617
0.0117973148176
0.514372264459
0.231514009668
0.0582089365023
0.52671068292
0.00143965408633
0.523525117416
0.597815446015
0.134756352415
0.139030577203
0.0128163733928
0.178966054544
0.205112776059
0.149476395208
0.147957799811
0.232575075507
0.0472305226802
0.546470905331
0.102047047982
0.529721921207
0.306471048652
0.492060947223
0.149792375014
0.260537486367
0.0430717291739
0.0569219000632
0.53360709925
0.212018410233
0.130049323035
0.142173004248
0.36432775411
-1
0.158154098459
0.242694043452
0.381692328318
0.2624676816
-1
0.000261200809411
0.327838254554
0.0650780524398
0.553991933707
0.144431836249
0.0471575387957
0.560760982178
0.143042305345
0.0693312927797
0.000298494189293
0.379390205978
0.104464468753
0.223741237973
0.446975215298
-1
0.128665494025
0.105447612647
0.0
0.0
0.183257791611
0.012510500534
0.122698638742
0.231141638354
0.203497642942
0.0381682653274
0.692233761522
0.206730399707
0.392501686357
0.00695280166677
0.271893452892
0.04168917275
0.186700927101
0.281975259543
0.167320498426
0.339083156781
-1
0.574059590261
0.290789965648
0.272548462292
0.215673439003
0.035772222666
0.386874151135
0.0325524698081
0.668068087852
0.122222521024
0.142159520032
0.16930495965
0.267639738628
0.41378437971
0.502573752671
0.0617287622402
0.466790521928
0.0476892801779
0.00333820264131
0.015367754442
0.0235787516935
0.0700427138429
0.11146514266
0.587109205172
0.458729963818
-1
0.152073690816
0.300305180862
-1
-1
0.373104275063
-1
0.325769455429
0.311913957476
0.510987403151
0.663407327965
0.0618838553339
-1
0.210944427464
0.0
0.00951512261487
0.130062099282
0.567975895829
0.245633299336
-1
0.183111862575
0.257724270539
0.154823889876
0.566688609784
0.135630810347
0.342240822032
0.175177748204
0.085523756486
0.0
0.728724689828
0.238301470167
0.35608711995
0.26798182038
0.00412237635469
0.00110414672895
0.314602225017
0.302728360133
-1
0.404338970962
0.381683780007
0.269218781902
0.562839938147
0.389111750163
0.872461923439
0.174683362453
0.0402284138085
-1
0.372097786883
0.0603847723074
0.306513043772
-1
-1
0.228205926094
0.0
0.237555374054
0.104028013391
0.103330337842
0.0524473826725
0.122785872615
0.0249679396971
0.10432461935
0.00310686225566
0.700264223041
0.358139135101
0.032994788017
0.469337091472
0.295665545086
0.293530093231
0.0660500504938
0.194725151472
0.3133061478
0.0802972509534
0.303240916654
-1
0.0470484152423
0.00904837704034
0.0602043173662
0.0565792109816
0.891745941896
0.235782468327
0.495396584982
0.329830790998
0.0525655319129
0.157839570056
0.258855519047
9.8409393847e-06
0.154608936927
0.177426632428
0.206847260139
0.0240590776661
0.0839119716731
0.278864833952
0.246293398618
0.156488225318
0.00696342465206
-1
0.237657474833
-1
-1
-1
0.0980351331663
0.105451798552
0.413161247509
0.0970025859169
0.040350169293
0.0105402116815
0.0775642728644
0.181402932173
0.102812826282
0.280988695948
0.274878387607
0.428757809336
-1
0.384608338846
-1
-1
0.174194024122
0.364794939977
0.0785315191443
0.315635191834
0.222256917054
-1
0.233804717361
0.00445768587182
0.00614514439045
0.320242096312
-1
0.0722576520225
0.352680286709
0.660044703479
0.104151158297
0.0291130186325
0.0425357506561
0.114597100651
0.0754335717208
0.488024204474
0.377940038143
-1
0.226924648156
0.249786963606
0.280908291668
0.125177993764
0.0568270273639
3.49764306451e-15
0.052135994487
0.034913369467
0.11195184945
0.0013626922412
0.0417181915876
0.14623852267
-1
0.24021639767
0.0355563965974
0.434224611299
0.355019383327
0.629012744362
0.831620362243
0.0209176751162
0.0182789714285
0.421718352593
0.328598677313
0.0921553667961
0.00321231909083
0.109589960906
0.531804772662
0.0791033172893
0.0688258471126
0.0673971423616
0.139300706192
-1
0.202515726093
0.362276253667
0.00463195902034
0.0359127757537
0.315723576133
-1
0.0695028234134
0.0857247118832
0.281828630132
0.00472997824894
-1
0.110988686833
0.346705274809
0.0329650077518
0.461383757071
0.13098583787
0.541367199549
0.112734781106
-1
0.0993368670127
0.03586771438
0.251143884954
0.111201814032
2.24528711358e-15
0.0629072374617
0.353992481039
0.0429089807455
0.0284951420115
0.0334158305157
0.0736667680943
0.0361623951989
0.0
0.0654116447453
0.15332674628
0.478897078716
0.644807006425
0.40846333453
0.21294088239
0.164176508325
0.045967530116
0.0696921529924
0.0767688504716
0.537252270299
0.0381064705026
0.505026809148
0.0691380205316
0.108767404323
0.547435616693
0.130656163522
-1
0.0176274897173
0.039070455641
0.0640191253992
0.0496178404929
0.516922326281
0.0213396690968
0.12813036609
0.48730079383
0.274237815405
0.0109572452372
0.0267656837609
0.190189429247
-1
0.0304623998596
-1
0.504325031466
0.0522954382349
0.0943702043893
0.293360163728
0.227893424724
0.0932885466807
0.322097483632
0.172643812425
0.0525582332537
0.026569778965
0.0471531521437
0.194197840694
0.00210574209394
0.201225801593
0.887912860115
0.0426832399768
0.293382655258
0.226545117337
0.175012546776
0.312701580812
-1
0.101513218356
0.551600456588
0.00142649686415
0.475280421204
0.298292363978
0.424987929052
0.0387598604306
0.0653666182477
0.0700391063776
0.0154795704632
-1
-1
0.648197469953
0.212361382334
0.571746959063
0.162019665076
-1
0.624975255175
0.0273676086717
0.500855953879
0.0888912501621
0.115540876833
0.0650701224828
0.969130520015
0.039634700701
0.184833561489
0.280720989358
-1
0.0407067834758
0.0507590413584
0.206912523326
0.453848987606
0.451104206509
0.311335924902
0.00391339681742
0.424289833076
0.0320770016992
0.433558727762
0.0
0.0
0.455059477961
-1
0.135864531198
0.167753779654
-1
0.55760900372
0.677397135492
0.758877364021
0.329082918324
0.0
0.344818561887
0.246700617399
0.0823118069878
0.0765830010613
0.0881197010478
0.33178254408
0.179874789326
0.00326480787133
0.0208615228581
0.285790370507
0.0376604363119
0.0253270008996
0.224875266282
0.199490945214
0.128385250829
0.0120046829658
0.0501196133634
0.581316910097
0.433892016651
0.482635725187
0.00442997573138
0.579100662391
0.223582907563
0.0544987489184
0.532872215655
0.160258221824
0.813128883932
0.241576521659
6.84137810737e-37
0.25852690218
0.588674019212
0.199599372291
0.0227468461411
0.0960911720105
0.655016294377
0.0102257482874
0.00496651616128
0.0172705165804
0.0126702268968
0.0685957051036
0.000237338236808
0.266514216633
0.572779839814
-1
0.0214512228093
0.133687345725
0.219832945058
0.103284360934
0.0547816902731
0.137329467957
0.0622498600155
0.148928177078
0.0778922288252
0.305373685518
0.0
0.000313223084745
0.349219798092
0.135758292846
0.275932779276
0.147117502898
0.0276495249467
0.00207814241145
0.0343836118627
0.430875981593
0.0702208599071
0.304507808681
-1
0.43532534591
0.0230471735028
0.870565365426
0.0586314937577
0.198925910879
0.180595705325
0.170502929082
0.383753579847
0.178377355041
-1
0.185303644612
0.0784412484842
0.441521883833
0.47474148831
0.0151708385842
0.0591205441805
0.193342214186
0.0226654417
0.557052346412
0.0622780947945
0.225089895375
0.00952013136011
0.00148687852276
0.538497231538
0.379588880393
0.180198668533
0.292222500878
0.00751709211314
0.286814662417
0.733463409734
0.473257921587
0.230861737266
0.118684504612
0.435930465183
0.527789084955
0.27574207756
-1
0.0
0.461198728821
-1
0.340267316566
0.0748161552443
0.127409058879
0.0
0.189207824033
0.707222921319
-1
0.31080985158
-1
-1
-1
0.197087208595
0.14478772686
0.247071991476
-1
0.552945207889
0.227447239649
0.0521485053993
0.379871542747
0.0180182836626
0.0254090201422
0.388211296655
-1
0.136317071
0.0143760635059
0.415620134677
0.504278555844
0.618452527419
0.411746117383
0.0913302674296
0.102879780671
0.0289263690501
0.00845853741688
0.116386004892
0.0921055738018
0.0731612942558
0.0442821326858
0.31230882885
0.158503916397
0.386223417054
0.0785665236671
0.0348683337441
0.345217932019
0.248737406429
-1
-1
0.0131180826862
0.250917159059
0.0682037523298
0.00263773868287
0.285164646336
0.217375624951
-1
0.77851650728
0.0576239735693
0.0835883357993
0.597771837105
0.0321955635757
0.0380781340992
0.110653027319
-1
0.26450816364
0.158743228313
0.0750393521681
0.141404436768
0.443603966624
0.0110608240282
0.539345295589
0.570152879192
0.0158196309227
0.0042687912967
0.0673066730841
0.259522842829
8.13507803499e-05
0.309779254428
0.333591387354
0.0215592967149
0.517694214765
0.531042150331
0.1697570826
-1
0.494131998755
0.18060860208
0.0696299984277
0.119329825065
0.0331410185755
0.713439203997
0.337471161986
0.560679847521
0.100676510177
-1
0.623045155258
-1
0.43239503932
0.842299832719
0.394116616002
0.0681517926902
0.134362168561
0.000234978820433
0.0110117242047
0.289307045166
0.266223475341
0.000227736112059
0.0736586540446
0.30599041532
0.0398071321349
0.206231476627
0.35590201309
0.769175293182
0.448686396278
0.215451088787
0.190545852737
0.653658602195
-1
0.811899850585
0.130979253831
0.404510989708
0.432015381712
0.150994670516
-1
0.710711861077
0.324795030918
0.0
0.473003246958
0.328216497699
0.345585844311
0.296609346908
0.0656723012147
0.315048290391
-1
0.753722014971
0.159687118423
0.333456502932
0.833964821703
0.0458124021191
0.500662552697
0.557729290219
0.0855487549294
0.0346932781417
-1
0.318827664785
0.0214708635546
-1
0.299803751539
0.0714847653586
0.0571744519434
-1
0.0776406187738
0.194691532325
0.0514406766646
0.12459650535
0.556115318368
0.0592131108362
0.123828990935
0.0202365107735
0.14963152313
0.348021907166
0.697381786682
0.273673452487
0.0337045195892
0.327771004882
0.0784282071127
0.146490350129
0.409763362569
0.175757502278
0.300193848712
-1
0.661161219094
0.68787266479
0.612634835173
0.0989548847277
0.551244573364
0.109346882425
0.303293578533
0.280071420864
0.240850152012
0.615812267698
-1
0.321221780934
0.0953060080388
0.445640517938
0.0159102642991
0.00259619287521
0.304826756332
0.0366311378384
0.285719921524
-1
0.0708016806447
0.112068041104
0.213670673495
0.200717505841
-1
-1
0.418624464331
0.10765768292
0.242392519749
0.549683160024
0.425611049379
0.619550971607
-1
0.125704170031
0.0276535121592
0.492413483756
0.669795196445
0.00372690410313
0.185964675991
0.285645067954
-1
0.169358489604
0.311700443393
0.0477066500108
0.539040080667
0.940469986367
6.66133814775e-16
0.126468829601
0.00392606362641
0.101134485571
0.247554880006
0.00184330511623
0.0213422040776
0.345869163255
0.238801050481
0.131408785105
0.16446092374
0.629940956205
0.5515332796
0.139864228039
0.543410168776
0.731132197165
0.0
6.28036983474e-16
0.299396725108
0.108715055311
0.139439362267
0.372896484552
0.0157657049794
0.480686997189
0.809279615041
0.122228731981
-1
0.0465479598463
0.22405314069
0.140727048864
0.112946185502
-1
-1
0.106810141615
0.268306973083
0.201764703208
0.0380898547636
0.55021674329
0.167857623836
0.00215612252372
0.0217344932483
0.0122039205239
0.211782853166
0.495140372618
0.246412234633
0.494617448205
0.522966709725
0.205027872802
0.155431308117
0.0353013140682
-1
-1
0.0194086494618
0.280884872392
0.737441105608
0.180432247826
0.434948424437
0.0212247043372
0.0320336684837
0.346931013032
0.405580858341
0.554406979073
0.280924765006
0.193476070359
0.16833519463
0.000633381724797
0.0262719961261
-1
0.217423730789
0.263427088001
0.0730124740335
0.285112269073
0.0172708003932
0.0699851874466
0.0904669094329
0.0112981422875
0.0979010853289
0.402934565489
0.185448968878
0.0181391353461
0.0259524047095
0.21362443301
0.00419849220435
0.992024962377
0.0336184636525
0.160307298338
0.401876118689
0.19006074849
0.311210377915
0.103467751864
0.0761345887323
0.421920454272
0.0966606432296
0.474294578308
0.248229123607
0.759041012085
0.0
0.537564219637
0.385806638093
0.0193187533473
0.0708747101223
0.571511674429
0.279067139115
0.0254296120236
-1
2.83161288747e-15
0.0383513890814
0.441471521847
0.0132509684819
6.66133814775e-16
0.16901771571
0.293762370772
0.622070505973
0.545101315972
0.171117688439
0.0611464802335
0.0717129738929
0.173804854489
0.178737862267
6.66133814775e-16
0.71621360561
0.500228633012
0.0839404200354
0.537526373544
0.738013248341
0.217920080684
0.125448942671
0.100676224134
0.194877705432
0.0868297179037
0.433750328897
0.220161673654
0.516100718854
0.0245501015021
0.231874649433
0.00807648642696
0.109666337064
0.210852140327
0.341649435921
0.291833420859
0.328759018167
0.0489244810165
0.143425867195
0.274259992758
0.0673263295451
0.251998783092
0.562309376304
-1
0.232419960717
0.0410189312087
0.19888995857
0.202126211566
0.138157696747
0.428172158144
0.0230034351178
0.044979857438
0.130348283278
0.00591011030898
0.223116117877
0.733513958912
0.428337001794
0.121535022132
0.559861912414
0.00569080969374
0.0425266192945
-1
0.0498007058261
6.83218636065e-06
-1
0.429197610943
0.15561027968
0.00988973612628
0.0926953090851
0.274283646693
0.0526349259781
0.0797943577436
0.532315935642
0.0261070651177
0.0936393025214
0.390059663889
1.38888856007e-15
0.00117245094351
0.943977694669
0.428059836818
0.387033166922
0.149197937516
-1
0.408976486894
0.0
0.18813577248
0.152276544618
0.720093135842
0.751902238908
0.313077073654
0.188325934895
0.131337404079
0.43128585615
-1
0.49009500233
0.0210479007855
0.166261341028
0.317346474783
0.416486088355
0.33485802957
0.0459561485763
0.53218635839
0.392875724419
0.447386561511
0.0994040829749
0.192526396169
0.0169146788149
0.223842156375
0.397062631236
0.368480144788
0.123308830512
-1
0.0739673963366
0.194426154287
0.336719810591
0.13256305472
0.448187161392
0.537090270443
-1
0.0471144044961
0.930611769662
0.268979279826
-1
0.625540197676
0.560125470784
0.0493115422045
0.626099995655
0.419403430384
0.275256245412
0.319118023442
0.0114151358168
0.123168710618
0.333745658059
0.231866694972
0.0095920548319
0.0850459241688
0.000810139991323
0.0841758542619
0.309246599133
0.743644868038
0.20543104141
-1
0.297154070582
0.0681005727494
-1
0.0304905820566
0.23990807267
0.0205594193812
0.017174963668
0.153393416636
0.418086296064
0.608723295904
0.56364284947
0.0260895487675
0.136619991305
0.12326113062
0.0558314956387
-1
0.066047547611
0.497280780981
0.0170440695364
0.620845055641
0.188264963822
0.263649856863
0.418134115482
0.354559252944
0.0154976979525
0.156613846653
0.534006721401
0.515782142193
0.524044071176
0.0105365072184
0.12456379257
0.620707162888
1.68084091212e-05
0.0181279809766
0.0337916114215
0.330279799096
-1
0.414587639042
0.260869300607
0.286886024504
0.386024688986
0.236955964051
0.68837846167
0.422812034065
0.453256005153
6.28036983474e-16
0.0262146024586
0.262511683178
0.157783767788
0.449879370911
0.291266016223
0.119348899905
0.20898184077
0.5889304497
0.0472762607192
0.0238263576778
0.164097857488
0.320290674854
0.233887346575
0.420940414053
0.0762258855685
0.015195221553
0.099800791848
0.0322762035427
0.280697905659
0.514458810382
0.162422324584
0.474653853549
0.0605616823409
0.235393588257
4.35258402296e-15
0.321433919473
0.206331995201
0.49346452249
0.204699397631
0.0
0.363060819028
0.0980583551636
0.274689609798
0.63472618971
0.252531055016
0.290813821539
0.00199063922146
0.0890135404774
0.477458867322
0.584310510418
0.203217078755
0.288396491698
0.0340551980472
-1
0.102213806177
0.0771205398465
0.044877527327
0.221808890909
0.420607517756
0.0952343893949
0.522566140261
0.231247689368
0.399898188852
0.161690162426
0.00306087462362
0.536051899613
0.162940890309
0.0823997223094
0.35992185142
0.34169090694
0.0
0.000962123001167
0.537753507706
0.565804552557
0.44390639395
0.129435071503
-1
0.450296891615
-1
0.0278646879163
0.482912366909
0.0111971041063
0.277546815152
0.0920062186814
0.917453163677
0.394215732286
0.0633176475313
0.000843426395972
0.321801982861
0.0605249617129
0.568632293623
0.873756129473
0.256427218322
0.178669908709
0.0321990569901
0.000909252546558
0.229355507759
0.208379353091
0.299108598167
-1
0.113363216803
-1
0.0547137531773
0.243452395282
0.405011817439
0.368750605345
0.109087239739
0.24305494513
0.579229667146
0.0875357196798
0.228242949445
0.00470461794195
0.495689503571
-1
0.210581701511
0.218396803029
0.258416932268
0.130278062388
0.469803831584
0.0300982289233
0.217900712256
0.21171649093
0.180426703308
0.190172119698
0.171217556905
0.0563079877324
0.103615383153
0.274937984963
0.0930452295476
0.0295070722381
0.176079019876
0.141922432921
-1
-1
0.491003875345
0.411996053079
-1
0.52512860188
0.00525760734548
0.00765611112037
0.000457843794326
0.404444775717
0.0886785006285
0.549802691174
0.71136201456
-1
0.682280488952
0.459193562148
0.140606626926
0.236688840675
0.0722917039328
0.0151330030093
0.00650471603476
0.515657631205
0.149984455146
0.0323302518536
-1
0.226190325028
0.105904271815
0.182411518143
0.0682356833537
0.0641905184777
0.0139343865705
0.416127671422
0.550812164501
-1
0.0597528623862
0.465055629224
0.134928809704
0.0255273921613
0.176995915833
0.201140303893
0.734726448272
0.0
0.715443647128
0.185424830766
0.0681586606535
0.0996605083333
-1
0.0498195044868
0.0761092447409
0.181472078704
0.613065599221
0.489391715629
0.00322076445674
0.0
0.439122767638
0.286159413641
0.0336162799242
0.118404101457
0.037809065934
0.0860332717611
0.115468850902
0.484170944204
0.0703423501153
0.0235620873978
0.0028031386395
-1
0.535485649614
0.24607132549
0.00901760429636
0.209273564524
0.101786318293
0.182073148235
0.390483269902
0.844237168754
-1
0.0925257989338
0.316503390585
0.00103728610036
0.0523340308898
-1
0.430574343552
0.616879708675
0.437057497306
0.171991326228
0.0177771517684
0.0580503771055
0.0889447076129
0.0152356718415
0.329679818459
0.367448678984
-1
-1
0.00435190231868
0.152668397842
0.245103869685
0.141805041751
0.406414035064
0.537140507503
0.679623672077
0.136469255118
0.0942953619303
0.00697223227411
0.252283706431
0.392904476167
0.0457944054347
0.400453966542
0.024960090589
0.159823124412
0.00388716971532
0.021953125227
0.13121971424
0.52962784887
0.0190219867153
0.0280822352732
0.0112139743382
0.339928765953
0.0366826298987
0.431147125922
0.129636424779
0.179831138218
0.0253775011273
0.243133476396
0.142339711136
0.425852777425
0.0855911787885
0.13714823653
0.0625206794192
0.196913002359
0.443582641776
-1
0.324188004371
0.355188531462
1.33226762955e-15
0.0795881652967
0.629075852593
0.390045930969
0.108958934691
0.192915998334
0.0041175061731
-1
0.274358041748
0.00254571416626
0.301227585503
0.0556001487218
-1
-1
0.000315964968844
0.0292028333637
0.0420580938246
0.0938482291054
0.388124327808
-1
0.254088520625
0.143313069897
0.355587732093
0.666674096449
0.274439736896
0.223007840327
0.184982276484
0.133361608054
0.676224554407
0.479028350949
0.031029255147
0.136673059208
0.294287309246
0.226298346338
-1
1.6785556164e-05
0.541457645182
0.475264921295
0.199496505904
0.0284902658135
0.00739053365854
0.388846608231
0.0552039824045
0.122266213201
0.0791669067593
0.637972348228
-1
0.197134052696
0.135062639671
0.388006954128
0.428885910052
0.621608173463
0.330132301253
0.664007837687
0.261939130568
0.247884445711
0.40185986656
7.23776861245e-16
-1
-1
-1
0.476723118837
0.441022482334
0.076627080505
0.0014414351241
0.25325456918
0.527883255435
0.0
0.199216050868
0.0338677932803
0.0265172073441
0.0260635922912
0.0472409843937
0.521775540374
0.313701221702
-1
0.0237321746969
0.181732465228
0.257686779517
0.358036779462
0.453209043812
0.0821829833238
0.681551376334
0.48919772099
0.127095033032
0.465563826839
0.351185125847
0.310426680035
8.3488167015e-06
-1
-1
0.218019434244
0.939307451777
0.0343146221746
-1
0.379835251054
0.0
0.317537368205
0.0971438869131
0.146732034579
0.827060259563
0.343344593812
0.556309126045
0.121548335862
0.00420927438299
0.0370360213775
0.392731496103
-1
0.581545977067
0.0468005073691
0.466671768257
0.186468102656
0.430169519617
0.0425212199461
0.458518051647
0.715183886088
0.415998500345
0.711030997117
0.0915572814571
0.413274135666
0.9993275587
0.106598176046
0.0
0.0756632654973
0.0194395080017
0.275551355299
0.122054927099
0.0179030615139
0.122219728771
0.0500014652075
0.0
0.151116403537
0.954825098126
0.12913234188
0.0393910107562
0.543188515199
0.0827608233251
0.158308035591
0.356300919782
0.188436290875
0.465033586491
0.131124418426
0.0794443790771
0.00471575658969
0.112252380967
0.0289818179592
0.0289926534375
0.275909196932
0.987046557674
-1
0.189410583964
0.650409222164
0.6583261121
0.335501455389
0.363505218726
0.114064116809
0.0830563285283
0.143053935029
0.0172643290773
0.153094450144
0.055559842471
0.172163518945
0.118552209068
0.117099486517
0.580222863264
0.348760313621
0.0309433987365
0.0267517869909
0.517705324477
0.278791341258
0.505629150355
1.26922410025e-09
0.338022805705
0.24620840727
0.478166441073
0.0878043767357
0.286581229467
0.0544263225277
0.289018134852
0.0322721959585
0.098260458065
0.70732033486
0.0245848682805
0.0693422702571
0.526488530725
0.232690446342
0.178839350588
0.33942006566
0.107487083703
0.190139996671
0.00152297848691
0.106149496938
0.999784043467
0.127860113294
-1
0.311398581893
0.999910585132
0.262820918694
0.148004612496
0.131132178464
0.543567386087
0.327791169069
-1
-1
0.232991084342
0.0402269344447
0.466727932477
-1
-1
0.199154090916
0.0070967550589
-1
0.00379712973827
0.618516181463
0.336871588497
0.0449375311855
1.69124612187e-05
0.247555613785
0.181056695827
0.185804815322
0.197462790478
0.238751515972
0.147932142039
0.016957632837
0.0504913592807
0.409983610258
0.0300043246996
0.223144486227
0.418087818074
0.615141875614
0.283909378319
0.0513947692614
-1
-1
0.0449095156813
0.124152599855
0.102848304369
0.125593250331
0.0144995995666
0.545319295763
-1
0.36920273174
0.910917888714
0.463288162343
0.113292580842
0.116340945894
0.126533812165
-1
0.273223847697
0.238671331194
0.422530488538
0.220383542746
0.292950843976
0.532915772734
0.141714642907
0.40620520828
0.542852383199
0.0393046742056
-1
0.335164005605
0.557704798338
0.408202450252
0.26340908136
0.177406114792
0.165022412252
0.0537137083181
0.544913587227
0.573392207283
0.000436523024343
0.284567531044
-1
0.00923369282789
0.272353733766
0.00929246091235
0.522185273537
0.59816756885
0.165440526588
0.197029091679
0.43287318853
-1
0.213596666404
0.27092769107
0.175879132203
0.0344988489191
0.32835397782
0.333236363758
0.0280679936843
0.481660048959
0.339004433661
0.533548184787
0.0348286274704
0.272346488057
0.559045060765
-1
0.629180181987
0.525825670887
2.10942374679e-15
0.547417474843
0.00267215596102
0.610463766747
0.297012501252
0.0177026432477
-1
0.542678062572
0.0611163389394
0.0599152393049
0.0770971053236
0.181446533904
0.159714348854
0.524654718704
0.0181556659814
0.0734613312872
0.00992198296968
0.006727768596
0.0113597462815
0.350224409564
0.46200840546
-1
0.468642740593
0.246141148513
0.339717015202
0.368465400062
0.781709520446
0.0044207310073
0.595483896851
0.193260313282
0.224348214267
0.0556450528299
0.327748980068
1.22376595996e-15
0.52363272078
-1
-1
0.354524660693
0.208347164467
0.178484236377
0.275371444516
0.147544941256
0.0860657237715
0.297261451944
0.200344635492
0.19129474837
0.0777895320858
0.585114662611
0.127338893666
-1
0.499460017208
0.31417625249
0.0271232403047
0.577348855145
0.238901724203
0.285643860382
0.0137574809911
0.69634417109
0.316354861273
0.515364500017
0.138308470774
0.0364659049026
0.285106864438
-1
0.455403230309
0.101457028336
0.373197198053
-1
-1
0.0166649689438
0.0292682825786
0.459874681009
0.0884623368163
0.406068569429
0.0506021978317
0.154946682357
0.0171347552071
0.759713916183
0.166008375771
0.668054471791
0.412150712351
0.0503320032824
0.0371719330581
0.552439217426
0.0721148136765
0.074387556601
0.613854562873
0.256467980689
0.649702921671
0.187779886572
0.747446126301
0.0932764750533
0.0466941006763
0.00908476169062
0.126242297329
0.0425848683264
0.45973241098
0.146674728589
0.862469917727
0.217642579079
0.0480868218062
0.189347672924
0.00622244891458
0.521065606189
-1
0.754760486145
0.0925140064187
-1
0.12336213498
0.199218628714
0.226694822174
0.149134519563
0.536440513876
0.0887292253007
0.00517880796922
0.192422355808
0.20937977078
0.193006455944
0.448923310068
0.711840291794
0.504087599107
-1
-1
0.0368365508472
-1
0.260412040187
0.949641697895
0.0803108982284
-1
0.148697304146
0.23595342026
0.0961933203601
0.0497694563626
0.82131429073
-1
0.107972726419
-1
0.0506107615694
0.359050421408
0.030578259734
8.34515588764e-16
0.0366364210394
-1
0.282264888633
0.461418608846
0.416224877871
0.107509267163
0.435877423681
0.404998029647
0.260190346754
